72
0.00000 -2.00000
0.17431 -1.99239
0.34730 -1.96962
0.51764 -1.93185
0.68404 -1.87939
0.84524 -1.81262
1.00000 -1.73205
1.14715 -1.63830
1.28557 -1.53209
1.41421 -1.41421
1.53209 -1.28557
1.63830 -1.14715
1.73205 -1.00000
1.81262 -0.84524
1.87939 -0.68404
1.93185 -0.51764
1.96962 -0.34730
1.99239 -0.17431
2.00000 0.00000
1.99239 0.17431
1.96962 0.34730
1.93185 0.51764
1.87939 0.68404
1.81262 0.84524
1.73205 1.00000
1.63830 1.14715
1.53209 1.28557
1.41421 1.41421
1.28557 1.53209
1.14715 1.63830
1.00000 1.73205
0.84524 1.81262
0.68404 1.87939
0.51764 1.93185
0.34730 1.96962
0.17431 1.99239
0.00000 2.00000
-0.17431 1.99239
-0.34730 1.96962
-0.51764 1.93185
-0.68404 1.87939
-0.84524 1.81262
-1.00000 1.73205
-1.14715 1.63830
-1.28557 1.53209
-1.41421 1.41421
-1.53209 1.28557
-1.63830 1.14715
-1.73205 1.00000
-1.81262 0.84524
-1.87939 0.68404
-1.93185 0.51764
-1.96962 0.34730
-1.99239 0.17431
-2.00000 0.00000
-1.99239 -0.17431
-1.96962 -0.34730
-1.93185 -0.51764
-1.87939 -0.68404
-1.81262 -0.84524
-1.73205 -1.00000
-1.63830 -1.14715
-1.53209 -1.28557
-1.41421 -1.41421
-1.28557 -1.53209
-1.14715 -1.63830
-1.00000 -1.73205
-0.84524 -1.81262
-0.68404 -1.87939
-0.51764 -1.93185
-0.34730 -1.96962
-0.17431 -1.99239
